iteration:1 res:[3, 20, 17, 19, 25, 35, 9, 42, 16, 27]
iteration:1 res:[3, 17, 20, 19, 25, 35, 9, 42, 16, 27]
iteration:1 res:[3, 17, 19, 20, 25, 35, 9, 42, 16, 27]
iteration:1 res:[3, 17, 19, 20, 25, 9, 35, 42, 16, 27]
iteration:1 res:[3, 17, 19, 20, 25, 9, 35, 16, 42, 27]
iteration:1 res:[3, 17, 19, 20, 25, 9, 35, 16, 27, 42]
iteration:2 res:[3, 17, 19, 20, 9, 25, 35, 16, 27, 42]
iteration:2 res:[3, 17, 19, 20, 9, 25, 16, 35, 27, 42]
iteration:2 res:[3, 17, 19, 20, 9, 25, 16, 27, 35, 42]
iteration:3 res:[3, 17, 19, 9, 20, 25, 16, 27, 35, 42]
iteration:3 res:[3, 17, 19, 9, 20, 16, 25, 27, 35, 42]
iteration:4 res:[3, 17, 9, 19, 20, 16, 25, 27, 35, 42]
iteration:4 res:[3, 17, 9, 19, 16, 20, 25, 27, 35, 42]
iteration:5 res:[3, 9, 17, 19, 16, 20, 25, 27, 35, 42]
iteration:5 res:[3, 9, 17, 16, 19, 20, 25, 27, 35, 42]
iteration:6 res:[3, 9, 16, 17, 19, 20, 25, 27, 35, 42]

final sorted result:[3, 9, 16, 17, 19, 20, 25, 27, 35, 42]